1733303511

ἐπεισκρίνω 21837

ἐπιιτσ 5237 8236 13037 2153 23832

ἐπίκεινα 10131. 19 10437 10530

ἐπεξέρχομαι 3735

ἐπέχω 7234

ἐπὶ ο. Gen. 52,553,10.14 5731363730.
29 583 533613 643. 15 7539 16134
1743 17835 1913 19939 217352343
c. Dat. 613927 6232 1613913162,
28 16834 17337 17831 18039 18934
23730 2383

ἐπιβάλλω 9634 21734

ἐπιβάτης 1533

ἐπιβουλιίιω 20336

ἐπιχίχνομαι 7937 12439 14437 17239
1923 19830

ἐπιγράρω 10831

ἐπιδείκνυμι 403

ἐπίδειξις 1653 21530

ίπιέειιτιιιός 5534 19935

ἐπιδέχομοιι 12233 12831

ἐπιδίδωμι 17136 20437

ἐπίδοσις 153139 8133 12639 2373
2383 23332

ἐπιδρομή 10837 1483

ἐπιεικής 1423

ἐπιζητέω 1431 483 7037 7237 12431
21930 22538

ἐπιθυμίω 12037εη.

ἐπιθυμητός 7431

ἐπιθυμία del. 120351. 39 13036 15932

ἐπιπαλίω 1283930 1813

ἐπιιιρατέω 6431 6535

ἐπιλαμβάνοι 3432 8335 9030 23431

ἐπιλίηω 1713

ἐπιλείπω 33

ἐπίλυπος 13031

ἐπιμίλιια 203 6530 17035 19733 212,
21

ἐπινοέω 21832 23738 23837

ἐπίνοια 2931 3937 593 7938

ἐπίπεδον 403 21935 ἐξ ἐ. τ. γίνεσιν ποιεῖν
σωμάτων 2143

ἐπιπλήττω 1893

ἐπιπολάζον 743

ἐπιπόλαιος 2163 23233

ἐπιπολη 23331

ἐπιπολης in superficie 22532

ἐπιπωματίζω 7233. 23

ἐπιρρέω 343 23530 23836

ἐπισπάω 7333 743

253

εὐδοκιμίω

ἐπίστασις 713

ἐπιστέλλω 13035

ἐπιστήμη deser. 10237 823 10030 1513
1963 21033

ἐπισὺνδισις 1953 1963

ἐπίτασις 143214 1531

ἐπιτείνω 1937

ἐπιτηδειότης 3030 313 5239 533417
5634 603. 26 1983

ἐπιτίθημι 7031

ἐπιτιμάω 18731 19036

ἐπιτίμησις 18733

ἐπιτίμιος 15830

ἐπιτυγχάνω 1713

ἐπιφάνεια 533η. 34,8.14 5432 1883
2213 213312 2313

ἐπιφανής 20436

ἐπιφίρω 2831 5238 9533 96,9 21031

ἐπιφράσσω 21832

ἐπιχοιρέω 1813

ἐπιχείρησις 10035 10537

ἐπιχέω 22138 23838

ἐπίχυσις 993 2333

ἐπιψίιχω 343

ἕπομαι 931 10337 1234 3633 4531
613214 713130 7234 733 15732.
15 17139 17839 1793326 18435
20831

ἐποχέομαι 11431 11531 1853 19635

ἐράω 1293

ἔργον 5235 6135 643 7035793710734
2033. 25 2043

ἐρυθαίνω 13932

ἐρυ8ριάω 13934

ἐρωτάω 733 6532 663 6837 10137
2053 20832 210318

ἐρώτησις 6631 sq.

ἐσίέίω 2437 20338

ἐστε 6,11.17,19 15318 253 3031 373
833

ἔσχατος 5831. 13 7132 14038 23834

ἐτοιίρος 21632

ἐτοιμος 6531

εὖ 14837 14931 15235 1643

εὐαπόβλητος 1223

ιίιαρεστέω 1030

ιίιχνὼμων 2043

είιδαιμονία 1383 def. 14839 cf. 11). 6.
128η. 1443 19631

ιίιδιαίρετος 22137 23133 2243 2333

εὐδοκιμέω 2163

 

